-9 10
-9 9
-9 8
-9 7
-9 6
-8 6
-7 6
-6 6
-5 6
-4 6
-3 6
-2 6
-1 6
-1 7
-1 8
-1 9
-1 10
-2 10
-3 10
-4 10
-5 10
-6 10
-7 10
-8 10
1 10
1 9
1 8
1 7
1 6
2 6
3 6
4 6
5 6
6 6
7 6
8 6
9 6
9 7
9 8
9 9
9 10
8 10
7 10
6 10
5 10
4 10
3 10
2 10
11 10
11 9
11 8
11 7
11 6
12 6
13 6
14 6
15 6
16 6
17 6
18 6
19 6
19 7
19 8
19 9
19 10
18 10
17 10
16 10
15 10
14 10
13 10
12 10
-9 4
-9 3
-9 2
-9 1
-9 0
-9 -1
-9 -2
-9 -3
-9 -4
-8 -4
-7 -4
-6 -4
-5 -4
-5 -3
-5 -2
-5 -1
-5 0
-5 1
-5 2
-5 3
-5 4
-6 4
-7 4
-8 4
-3 4
-3 3
-3 2
-3 1
-3 0
-3 -1
-3 -2
-3 -3
-3 -4
-2 -4
-1 -4
0 -4
1 -4
2 -4
3 -4
4 -4
4 -3
4 -2
4 -1
4 0
4 1
4 2
4 3
4 4
3 4
2 4
1 4
0 4
-1 4
-2 4
6 4
6 3
6 2
6 1
6 0
6 -1
6 -2
6 -3
6 -4
7 -4
8 -4
9 -4
10 -4
11 -4
12 -4
13 -4
13 -3
13 -2
13 -1
13 0
13 1
13 2
13 3
13 4
12 4
11 4
10 4
9 4
8 4
7 4
15 4
15 3
15 2
15 1
15 0
15 -1
15 -2
15 -3
15 -4
16 -4
17 -4
18 -4
19 -4
19 -3
19 -2
19 -1
19 0
19 1
19 2
19 3
19 4
18 4
17 4
16 4
1 -6
1 -7
1 -8
1 -9
1 -10
2 -10
3 -10
4 -10
5 -10
6 -10
7 -10
8 -10
9 -10
9 -9
9 -8
9 -7
9 -6
8 -6
7 -6
6 -6
5 -6
4 -6
3 -6
2 -6
11 -6
11 -7
11 -8
11 -9
11 -10
12 -10
13 -10
14 -10
15 -10
16 -10
17 -10
18 -10
19 -10
19 -9
19 -8
19 -7
19 -6
18 -6
17 -6
16 -6
15 -6
14 -6
13 -6
12 -6
-9 -6
-9 -7
-9 -8
-9 -9
-9 -10
-8 -10
-7 -10
-6 -10
-5 -10
-4 -10
-3 -10
-2 -10
-1 -10
-1 -9
-1 -8
-1 -7
-1 -6
-2 -6
-3 -6
-4 -6
-5 -6
-6 -6
-7 -6
-8 -6
0 0
1 0
2 0
3 0
4 0
5 0
6 0
7 0
8 0
9 0
10 0
11 0
12 0
13 0
14 0
15 0
16 0
17 0
18 0
19 0
20 0
20 1
20 2
20 3
20 4
20 5
20 6
20 7
20 8
20 9
20 10
20 11
19 11
18 11
17 11
16 11
15 11
14 11
13 11
12 11
11 11
10 11
9 11
8 11
7 11
6 11
5 11
4 11
3 11
2 11
1 11
0 11
0 10
0 9
0 8
0 7
0 6
0 5
0 4
0 3
0 2
0 1
