147 17
148 17
149 17
150 17
151 17
152 17
153 17
154 17
155 17
156 17
157 17
158 17
159 17
160 17
161 17
162 17
163 17
164 17
165 17
166 17
167 17
168 17
169 17
170 17
171 17
172 17
173 17
141 18
142 18
143 18
144 18
145 18
146 18
147 18
148 18
149 18
150 18
151 18
152 18
153 18
154 18
155 18
156 18
157 18
158 18
159 18
160 18
161 18
162 18
163 18
164 18
165 18
166 18
167 18
168 18
169 18
170 18
171 18
172 18
173 18
174 18
175 18
176 18
177 18
178 18
179 18
138 19
139 19
140 19
141 19
142 19
178 19
179 19
180 19
135 20
136 20
137 20
138 20
139 20
180 20
181 20
133 21
134 21
135 21
136 21
181 21
76 22
77 22
78 22
79 22
80 22
81 22
82 22
83 22
84 22
85 22
86 22
87 22
88 22
89 22
90 22
91 22
92 22
93 22
94 22
131 22
132 22
133 22
134 22
181 22
182 22
70 23
71 23
72 23
73 23
74 23
75 23
76 23
77 23
78 23
79 23
80 23
81 23
82 23
83 23
84 23
85 23
86 23
87 23
88 23
89 23
90 23
91 23
92 23
93 23
94 23
95 23
96 23
97 23
98 23
99 23
100 23
129 23
130 23
131 23
132 23
182 23
66 24
67 24
68 24
69 24
70 24
71 24
99 24
100 24
101 24
102 24
103 24
104 24
128 24
129 24
130 24
182 24
183 24
25 25
26 25
27 25
28 25
29 25
30 25
31 25
32 25
33 25
34 25
35 25
36 25
37 25
38 25
39 25
40 25
41 25
42 25
43 25
44 25
45 25
46 25
47 25
48 25
63 25
64 25
65 25
66 25
67 25
103 25
104 25
105 25
106 25
107 25
126 25
127 25
128 25
182 25
183 25
24 26
25 26
46 26
47 26
48 26
49 26
50 26
51 26
52 26
53 26
61 26
62 26
63 26
64 26
106 26
107 26
108 26
109 26
125 26
126 26
127 26
183 26
23 27
24 27
52 27
53 27
54 27
55 27
56 27
59 27
60 27
61 27
109 27
110 27
111 27
123 27
124 27
125 27
183 27
184 27
22 28
23 28
24 28
55 28
56 28
57 28
58 28
59 28
111 28
112 28
113 28
114 28
122 28
123 28
124 28
183 28
184 28
22 29
23 29
57 29
58 29
113 29
114 29
115 29
121 29
122 29
123 29
184 29
21 30
22 30
57 30
58 30
115 30
116 30
117 30
119 30
120 30
121 30
184 30
21 31
22 31
58 31
117 31
118 31
119 31
120 31
184 31
20 32
21 32
58 32
118 32
119 32
184 32
185 32
19 33
20 33
58 33
59 33
119 33
184 33
185 33
19 34
20 34
58 34
59 34
119 34
184 34
185 34
18 35
19 35
58 35
59 35
119 35
184 35
185 35
18 36
19 36
58 36
59 36
119 36
120 36
184 36
185 36
17 37
18 37
58 37
59 37
119 37
120 37
184 37
185 37
17 38
18 38
59 38
119 38
120 38
184 38
185 38
17 39
59 39
119 39
120 39
184 39
185 39
16 40
17 40
59 40
120 40
184 40
185 40
16 41
17 41
59 41
120 41
184 41
185 41
16 42
59 42
60 42
120 42
184 42
185 42
16 43
59 43
60 43
120 43
184 43
185 43
15 44
16 44
59 44
60 44
120 44
184 44
185 44
15 45
16 45
59 45
60 45
120 45
184 45
185 45
15 46
60 46
120 46
184 46
185 46
15 47
60 47
120 47
184 47
185 47
15 48
60 48
120 48
184 48
185 48
15 49
60 49
120 49
184 49
185 49
15 50
60 50
120 50
184 50
185 50
15 51
60 51
120 51
184 51
185 51
15 52
60 52
120 52
184 52
185 52
15 53
60 53
120 53
184 53
185 53
15 54
60 54
120 54
184 54
15 55
16 55
60 55
120 55
184 55
15 56
16 56
60 56
120 56
184 56
16 57
60 57
120 57
183 57
184 57
16 58
60 58
120 58
183 58
184 58
16 59
17 59
60 59
120 59
183 59
16 60
17 60
60 60
120 60
182 60
183 60
17 61
60 61
120 61
182 61
183 61
17 62
60 62
120 62
182 62
17 63
18 63
19 63
60 63
120 63
181 63
182 63
16 64
17 64
18 64
19 64
20 64
60 64
120 64
181 64
15 65
16 65
20 65
21 65
22 65
60 65
61 65
120 65
180 65
181 65
14 66
15 66
21 66
22 66
23 66
60 66
61 66
120 66
180 66
14 67
15 67
23 67
24 67
25 67
60 67
61 67
120 67
179 67
180 67
13 68
14 68
25 68
26 68
27 68
28 68
60 68
61 68
120 68
178 68
179 68
13 69
27 69
28 69
29 69
30 69
31 69
60 69
61 69
120 69
178 69
179 69
12 70
13 70
30 70
31 70
32 70
33 70
34 70
35 70
61 70
120 70
177 70
178 70
12 71
34 71
35 71
36 71
37 71
38 71
39 71
40 71
61 71
62 71
120 71
176 71
177 71
11 72
12 72
38 72
39 72
40 72
41 72
42 72
43 72
44 72
45 72
61 72
62 72
86 72
87 72
88 72
89 72
90 72
91 72
92 72
93 72
94 72
95 72
96 72
97 72
98 72
99 72
100 72
101 72
102 72
103 72
104 72
105 72
106 72
107 72
108 72
109 72
110 72
111 72
112 72
113 72
114 72
115 72
116 72
117 72
118 72
119 72
120 72
176 72
177 72
11 73
12 73
41 73
42 73
43 73
44 73
45 73
46 73
47 73
48 73
49 73
50 73
61 73
62 73
80 73
81 73
82 73
83 73
84 73
85 73
86 73
87 73
88 73
89 73
90 73
91 73
92 73
93 73
94 73
95 73
96 73
97 73
98 73
99 73
100 73
101 73
102 73
103 73
104 73
105 73
106 73
107 73
108 73
109 73
110 73
111 73
112 73
113 73
114 73
115 73
116 73
117 73
118 73
119 73
120 73
121 73
175 73
176 73
11 74
44 74
45 74
46 74
47 74
48 74
49 74
50 74
51 74
52 74
53 74
54 74
55 74
61 74
62 74
75 74
76 74
77 74
78 74
79 74
80 74
81 74
121 74
122 74
174 74
175 74
10 75
11 75
48 75
49 75
50 75
51 75
52 75
53 75
54 75
55 75
56 75
57 75
58 75
59 75
60 75
61 75
62 75
70 75
71 75
72 75
73 75
74 75
75 75
76 75
77 75
121 75
122 75
173 75
174 75
10 76
11 76
51 76
52 76
53 76
54 76
55 76
56 76
57 76
58 76
59 76
60 76
61 76
62 76
63 76
65 76
66 76
67 76
68 76
69 76
70 76
71 76
72 76
122 76
123 76
172 76
173 76
174 76
10 77
54 77
55 77
56 77
57 77
58 77
59 77
60 77
61 77
62 77
63 77
64 77
65 77
66 77
67 77
68 77
123 77
124 77
171 77
172 77
173 77
10 78
57 78
58 78
59 78
60 78
61 78
62 78
63 78
64 78
124 78
125 78
170 78
171 78
172 78
10 79
60 79
61 79
62 79
124 79
125 79
169 79
170 79
171 79
10 80
62 80
125 80
126 80
168 80
169 80
170 80
10 81
61 81
62 81
126 81
127 81
167 81
168 81
169 81
10 82
61 82
62 82
127 82
128 82
166 82
167 82
168 82
10 83
61 83
127 83
128 83
165 83
166 83
167 83
10 84
61 84
128 84
129 84
164 84
165 84
166 84
10 85
61 85
129 85
130 85
163 85
164 85
165 85
10 86
60 86
61 86
130 86
131 86
162 86
163 86
164 86
10 87
60 87
61 87
130 87
131 87
161 87
162 87
163 87
10 88
60 88
61 88
131 88
132 88
160 88
161 88
162 88
10 89
60 89
61 89
132 89
133 89
159 89
160 89
161 89
10 90
60 90
133 90
134 90
158 90
159 90
160 90
10 91
60 91
133 91
134 91
157 91
158 91
159 91
10 92
60 92
134 92
135 92
156 92
157 92
158 92
10 93
60 93
135 93
136 93
155 93
156 93
157 93
10 94
11 94
60 94
136 94
137 94
154 94
155 94
156 94
10 95
11 95
60 95
136 95
137 95
153 95
154 95
155 95
11 96
59 96
60 96
137 96
138 96
152 96
153 96
154 96
11 97
12 97
59 97
60 97
138 97
139 97
151 97
152 97
153 97
11 98
12 98
59 98
60 98
138 98
139 98
140 98
150 98
151 98
152 98
12 99
59 99
60 99
139 99
140 99
141 99
149 99
150 99
151 99
12 100
13 100
59 100
60 100
140 100
141 100
148 100
149 100
150 100
13 101
59 101
60 101
141 101
142 101
147 101
148 101
149 101
13 102
14 102
59 102
141 102
142 102
143 102
146 102
147 102
148 102
14 103
15 103
59 103
142 103
143 103
144 103
145 103
146 103
147 103
14 104
15 104
59 104
143 104
144 104
145 104
146 104
15 105
16 105
59 105
144 105
145 105
16 106
17 106
59 106
144 106
17 107
18 107
59 107
144 107
17 108
18 108
19 108
58 108
59 108
144 108
18 109
19 109
20 109
58 109
59 109
143 109
144 109
19 110
20 110
21 110
58 110
59 110
143 110
144 110
20 111
21 111
22 111
58 111
59 111
60 111
143 111
144 111
21 112
22 112
23 112
57 112
58 112
59 112
60 112
61 112
62 112
63 112
64 112
143 112
22 113
23 113
24 113
56 113
57 113
58 113
60 113
61 113
62 113
63 113
64 113
65 113
66 113
67 113
68 113
143 113
23 114
24 114
25 114
55 114
56 114
57 114
65 114
66 114
67 114
68 114
69 114
70 114
71 114
72 114
143 114
24 115
25 115
26 115
54 115
55 115
56 115
70 115
71 115
72 115
73 115
74 115
75 115
76 115
77 115
142 115
143 115
25 116
26 116
27 116
53 116
54 116
55 116
75 116
76 116
77 116
78 116
79 116
80 116
81 116
133 116
134 116
135 116
136 116
137 116
138 116
139 116
140 116
141 116
142 116
143 116
26 117
27 117
28 117
52 117
53 117
54 117
80 117
81 117
82 117
83 117
84 117
85 117
86 117
87 117
88 117
89 117
90 117
91 117
92 117
93 117
94 117
95 117
96 117
97 117
98 117
99 117
100 117
101 117
102 117
103 117
104 117
105 117
106 117
107 117
108 117
109 117
110 117
111 117
112 117
113 117
114 117
115 117
116 117
117 117
118 117
119 117
120 117
121 117
122 117
123 117
124 117
125 117
126 117
127 117
128 117
129 117
130 117
131 117
132 117
133 117
134 117
135 117
136 117
137 117
138 117
139 117
140 117
141 117
142 117
143 117
27 118
28 118
29 118
51 118
52 118
53 118
84 118
85 118
86 118
87 118
88 118
89 118
90 118
91 118
92 118
93 118
94 118
95 118
96 118
97 118
98 118
99 118
100 118
101 118
102 118
103 118
104 118
105 118
106 118
107 118
108 118
109 118
110 118
111 118
112 118
113 118
114 118
115 118
116 118
117 118
118 118
119 118
120 118
121 118
122 118
123 118
124 118
125 118
126 118
127 118
128 118
129 118
130 118
131 118
132 118
133 118
134 118
135 118
136 118
137 118
138 118
139 118
140 118
141 118
142 118
143 118
28 119
29 119
30 119
50 119
51 119
52 119
133 119
134 119
135 119
136 119
137 119
138 119
139 119
140 119
141 119
142 119
143 119
29 120
30 120
31 120
49 120
50 120
51 120
143 120
30 121
31 121
32 121
48 121
49 121
50 121
143 121
31 122
32 122
33 122
47 122
48 122
49 122
143 122
144 122
32 123
33 123
34 123
46 123
47 123
48 123
143 123
144 123
33 124
34 124
35 124
45 124
46 124
47 124
144 124
34 125
35 125
36 125
37 125
44 125
45 125
46 125
144 125
35 126
36 126
37 126
38 126
43 126
44 126
144 126
37 127
38 127
39 127
42 127
43 127
144 127
145 127
38 128
39 128
40 128
41 128
42 128
144 128
145 128
39 129
40 129
41 129
145 129
40 130
145 130
40 131
145 131
146 131
39 132
40 132
145 132
146 132
39 133
40 133
146 133
39 134
146 134
39 135
146 135
147 135
38 136
39 136
146 136
147 136
38 137
39 137
147 137
38 138
147 138
38 139
147 139
148 139
38 140
147 140
148 140
37 141
38 141
147 141
148 141
37 142
38 142
148 142
37 143
148 143
37 144
148 144
36 145
37 145
148 145
149 145
36 146
37 146
148 146
149 146
36 147
148 147
149 147
36 148
149 148
36 149
148 149
149 149
35 150
36 150
147 150
148 150
149 150
35 151
36 151
146 151
147 151
148 151
35 152
36 152
145 152
146 152
147 152
35 153
36 153
145 153
146 153
35 154
144 154
145 154
146 154
35 155
143 155
144 155
145 155
35 156
142 156
143 156
144 156
35 157
141 157
142 157
143 157
35 158
140 158
141 158
142 158
35 159
139 159
140 159
141 159
35 160
138 160
139 160
140 160
35 161
137 161
138 161
139 161
35 162
136 162
137 162
138 162
35 163
135 163
136 163
137 163
35 164
36 164
134 164
135 164
136 164
35 165
36 165
37 165
133 165
134 165
135 165
37 166
38 166
132 166
133 166
38 167
39 167
40 167
130 167
131 167
132 167
39 168
40 168
41 168
129 168
130 168
131 168
40 169
41 169
42 169
128 169
129 169
130 169
42 170
43 170
44 170
126 170
127 170
128 170
43 171
44 171
45 171
125 171
126 171
127 171
45 172
46 172
47 172
123 172
124 172
125 172
46 173
47 173
48 173
49 173
121 173
122 173
123 173
124 173
48 174
49 174
50 174
51 174
119 174
120 174
121 174
122 174
50 175
51 175
52 175
53 175
117 175
118 175
119 175
120 175
52 176
53 176
54 176
55 176
115 176
116 176
117 176
118 176
54 177
55 177
56 177
57 177
58 177
112 177
113 177
114 177
115 177
116 177
57 178
58 178
59 178
60 178
61 178
62 178
108 178
109 178
110 178
111 178
112 178
113 178
61 179
62 179
63 179
64 179
65 179
66 179
67 179
68 179
69 179
70 179
71 179
72 179
73 179
74 179
75 179
76 179
77 179
78 179
79 179
80 179
81 179
82 179
83 179
84 179
85 179
86 179
87 179
88 179
89 179
90 179
91 179
92 179
93 179
94 179
95 179
96 179
97 179
98 179
99 179
100 179
101 179
102 179
103 179
104 179
105 179
106 179
107 179
108 179
109 179
66 180
67 180
68 180
69 180
70 180
71 180
72 180
73 180
74 180
75 180
76 180
77 180
78 180
79 180
80 180
81 180
82 180
83 180
84 180
85 180
86 180
87 180
88 180
89 180
90 180
91 180
92 180
93 180
94 180
95 180
96 180
97 180
98 180
99 180
100 180
101 180
102 180
103 180
104 180
