2380.0 1800.0 2144.0 1947.0 979.0 1931.0 1279.0 2458.0 2142.0 1403.0 2824.0 1428.0 2037.0 2149.0 1507.0 1129.0 1992.0 830.0 2123.0 2382.0 
1495.0 1008.0 1105.0 2045.0 2367.0 1806.0 2548.0 2093.0 2203.0 2130.0 1308.0 1429.0 2360.0 1911.0 1163.0 1230.0 3639.0 2226.0 2059.0 1470.0 
1487.0 1988.0 1090.0 2398.0 2550.0 2768.0 2845.0 3162.0 2080.0 401.0 1709.0 873.0 763.0 611.0 2703.0 2105.0 2745.0 2782.0 1181.0 1313.0 
1865.0 2062.0 1500.0 1457.0 1931.0 2522.0 2483.0 1543.0 1992.0 1124.0 1340.0 2475.0 1239.0 2010.0 1673.0 1818.0 1245.0 1590.0 2029.0 1587.0 
2250.0 1799.0 1294.0 1557.0 2237.0 1161.0 1459.0 1204.0 2112.0 2046.0 980.0 1688.0 1253.0 1835.0 1341.0 2411.0 2594.0 1382.0 2648.0 2742.0 
2127.0 1589.0 2081.0 1441.0 2710.0 1441.0 2106.0 1792.0 1019.0 1109.0 1812.0 1558.0 957.0 1748.0 2442.0 1704.0 2371.0 2166.0 1162.0 1995.0 
2732.0 2884.0 917.0 1923.0 1989.0 2528.0 2300.0 1817.0 2712.0 1367.0 878.0 1733.0 2024.0 2381.0 892.0 1927.0 1381.0 1806.0 1381.0 1969.0 
1733.0 2689.0 1427.0 1745.0 1458.0 2750.0 846.0 1378.0 2105.0 1496.0 2254.0 1851.0 1396.0 2112.0 2153.0 2151.0 2476.0 1284.0 1713.0 1047.0 
1283.0 1918.0 1218.0 1264.0 1982.0 2267.0 1785.0 2380.0 2490.0 1634.0 1176.0 2603.0 859.0 1010.0 2179.0 2682.0 1820.0 2462.0 1756.0 1145.0 
444.0 1817.0 1493.0 1414.0 1177.0 1650.0 1547.0 1711.0 1625.0 2327.0 2835.0 610.0 1558.0 2457.0 1406.0 690.0 1812.0 2643.0 1204.0 2117.0 
2206.0 1746.0 2037.0 3090.0 2447.0 2174.0 1085.0 2416.0 1854.0 964.0 1058.0 2670.0 1493.0 1191.0 2511.0 1866.0 1518.0 2797.0 2438.0 1904.0 
1607.0 1595.0 2236.0 1073.0 2281.0 3120.0 2423.0 2050.0 1348.0 2933.0 2993.0 1379.0 2652.0 1996.0 1263.0 1454.0 2469.0 1691.0 2259.0 1962.0 
1390.0 795.0 877.0 1769.0 2574.0 1433.0 2777.0 2432.0 2235.0 2360.0 3339.0 1928.0 2438.0 2134.0 2104.0 2304.0 1719.0 1348.0 2392.0 1391.0 
1904.0 1355.0 1700.0 1470.0 2425.0 3380.0 2210.0 2742.0 1989.0 2740.0 2564.0 2297.0 2105.0 2081.0 1888.0 1111.0 2181.0 1489.0 1394.0 1938.0 
2477.0 1412.0 279.0 1857.0 1485.0 1529.0 2592.0 2234.0 1434.0 2182.0 3320.0 2001.0 2215.0 1544.0 2005.0 2439.0 2470.0 1678.0 2058.0 1868.0 
1292.0 1311.0 1932.0 1794.0 1504.0 2255.0 2441.0 1683.0 2382.0 1706.0 1753.0 1874.0 1675.0 1502.0 2490.0 2000.0 1580.0 1583.0 1992.0 1567.0 
2650.0 2886.0 2623.0 3054.0 1718.0 2017.0 2762.0 2009.0 1485.0 2158.0 1840.0 1978.0 2080.0 1505.0 2110.0 1061.0 1469.0 2891.0 2173.0 1074.0 
1971.0 2279.0 1183.0 3140.0 834.0 2763.0 808.0 1193.0 1461.0 2685.0 2459.0 2566.0 2033.0 2314.0 3080.0 1957.0 2042.0 1199.0 855.0 2211.0 
2515.0 1543.0 1895.0 1287.0 1419.0 2078.0 2485.0 2076.0 2301.0 1141.0 2621.0 1293.0 2322.0 2101.0 2636.0 1211.0 1983.0 2675.0 2201.0 1864.0 
1969.0 1082.0 1458.0 1926.0 2365.0 1433.0 1685.0 2082.0 1617.0 2684.0 2289.0 2311.0 1079.0 2290.0 2843.0 3077.0 1866.0 2022.0 2397.0 1806.0 
1978.0 2659.0 1152.0 1862.0 1108.0 2229.0 2155.0 1436.0 2354.0 2370.0 1440.0 1919.0 1434.0 2262.0 2120.0 2146.0 1596.0 1707.0 1526.0 1620.0 
2062.0 1293.0 1438.0 1663.0 2068.0 1889.0 1412.0 1868.0 1847.0 1983.0 2644.0 1899.0 2202.0 2696.0 2034.0 1990.0 1482.0 1483.0 914.0 1262.0 
1634.0 2611.0 1327.0 1905.0 1409.0 3416.0 1997.0 1694.0 142.0 3115.0 1453.0 2191.0 2009.0 2067.0 717.0 2495.0 1398.0 1765.0 1812.0 2031.0 
1610.0 1507.0 2354.0 1181.0 3031.0 1726.0 231.0 1773.0 1532.0 2235.0 1697.0 2033.0 2589.0 2602.0 2976.0 1605.0 2405.0 1343.0 1888.0 3084.0 
1866.0 1940.0 3430.0 846.0 1974.0 1207.0 2040.0 1307.0 1220.0 906.0 2029.0 1739.0 1259.0 3079.0 1941.0 2119.0 2070.0 1835.0 2622.0 1794.0 
2234.0 2440.0 2419.0 2708.0 2048.0 1670.0 908.0 561.0 2203.0 1809.0 1587.0 2221.0 2184.0 1789.0 1521.0 2043.0 2003.0 1911.0 1339.0 2149.0 
1696.0 1788.0 1245.0 2282.0 2149.0 1012.0 1771.0 1905.0 1746.0 1187.0 1266.0 1965.0 2487.0 2187.0 2590.0 1063.0 1702.0 2164.0 2448.0 2052.0 
2692.0 1900.0 1753.0 1926.0 1789.0 2116.0 1974.0 1105.0 1463.0 2561.0 1640.0 1525.0 2170.0 2384.0 1406.0 1701.0 1691.0 2594.0 1638.0 950.0 
2494.0 2706.0 2394.0 1430.0 1088.0 1258.0 2403.0 2369.0 1564.0 2711.0 351.0 1607.0 2984.0 923.0 1468.0 2393.0 1688.0 1540.0 1725.0 946.0 
1120.0 2857.0 1393.0 1952.0 1600.0 1453.0 1042.0 1758.0 1129.0 2520.0 1358.0 2240.0 1310.0 1886.0 1841.0 1958.0 2074.0 1456.0 1653.0 687.0 
1852.0 1141.0 1723.0 1760.0 1760.0 1806.0 2307.0 2558.0 1096.0 2163.0 1303.0 2039.0 1015.0 1944.0 1878.0 1325.0 1821.0 1702.0 2946.0 2322.0 
1310.0 2005.0 1443.0 1795.0 1695.0 1665.0 1294.0 1495.0 1994.0 2897.0 2166.0 1484.0 1662.0 1735.0 2333.0 788.0 1716.0 973.0 2598.0 1431.0 
1274.0 1767.0 1187.0 2728.0 1718.0 1418.0 1499.0 2392.0 1691.0 2223.0 1712.0 1203.0 1950.0 1906.0 1108.0 2293.0 1679.0 1325.0 2141.0 2474.0 
1982.0 1702.0 2109.0 2187.0 1353.0 1403.0 204.0 2297.0 2726.0 1009.0 2194.0 2080.0 1309.0 2943.0 2202.0 1873.0 1061.0 2163.0 2419.0 1007.0 
2261.0 2210.0 2097.0 1931.0 1389.0 2186.0 2821.0 2038.0 999.0 2068.0 2586.0 1281.0 2041.0 1836.0 3329.0 1779.0 1098.0 1247.0 727.0 1924.0 
2638.0 2615.0 1493.0 2323.0 1823.0 1118.0 2393.0 1594.0 3060.0 1842.0 1574.0 1088.0 1272.0 1392.0 2212.0 1707.0 2443.0 1510.0 1904.0 2502.0 
1253.0 1448.0 2125.0 2475.0 972.0 973.0 1330.0 1415.0 2500.0 1255.0 2349.0 3779.0 1752.0 1015.0 2328.0 2995.0 112.0 1309.0 1316.0 1611.0 
1589.0 2048.0 2447.0 2178.0 1688.0 661.0 2639.0 2306.0 1925.0 2163.0 2609.0 2215.0 1886.0 1109.0 2745.0 1744.0 1712.0 1205.0 2944.0 2353.0 
1653.0 1596.0 2043.0 1832.0 1641.0 721.0 1929.0 2309.0 1951.0 1724.0 2180.0 2541.0 1066.0 1098.0 1819.0 2143.0 1873.0 2623.0 1383.0 1661.0 
2472.0 1424.0 1942.0 1301.0 2062.0 1609.0 2626.0 2505.0 1858.0 1177.0 1813.0 1485.0 1870.0 931.0 2201.0 1079.0 2572.0 1287.0 1801.0 1996.0 
1751.0 1621.0 1760.0 1476.0 1972.0 1301.0 1639.0 2479.0 2022.0 2275.0 1488.0 1599.0 1953.0 743.0 1468.0 1430.0 2280.0 2548.0 2391.0 1527.0 
1192.0 2637.0 1188.0 1826.0 2701.0 1663.0 2928.0 1476.0 1927.0 2934.0 1570.0 1536.0 1000.0 1294.0 2003.0 1792.0 2663.0 1863.0 1371.0 2013.0 
2225.0 954.0 2273.0 1765.0 3337.0 1360.0 362.0 2808.0 1702.0 1211.0 1885.0 1781.0 2287.0 2377.0 1354.0 275.0 2737.0 889.0 1741.0 1417.0 
1588.0 1170.0 2165.0 1533.0 2476.0 1486.0 1939.0 1566.0 2731.0 2486.0 1594.0 905.0 1806.0 1794.0 1814.0 1467.0 1703.0 1946.0 1332.0 1951.0 
2416.0 2318.0 2084.0 2559.0 2444.0 1454.0 2053.0 2007.0 2097.0 685.0 2243.0 1523.0 1392.0 1637.0 1550.0 2185.0 3214.0 1895.0 1731.0 2020.0 
2309.0 1801.0 2043.0 1547.0 1641.0 923.0 1554.0 2118.0 2129.0 2815.0 1728.0 1682.0 1457.0 1439.0 1263.0 1989.0 1446.0 1189.0 780.0 1488.0 
1634.0 1524.0 2399.0 1576.0 1815.0 1502.0 1972.0 1912.0 2787.0 2094.0 1848.0 2595.0 1593.0 570.0 1941.0 1916.0 2737.0 1511.0 1629.0 2103.0 
2112.0 1590.0 1592.0 1960.0 1210.0 2810.0 1800.0 2130.0 1946.0 1902.0 3007.0 2484.0 1443.0 1728.0 1620.0 2979.0 2056.0 1258.0 504.0 1877.0 
2387.0 2043.0 2593.0 1383.0 2374.0 2127.0 1386.0 1623.0 1820.0 1498.0 287.0 2134.0 1203.0 1495.0 1983.0 1414.0 1938.0 1320.0 1741.0 2190.0 
2333.0 1223.0 1347.0 2064.0 2018.0 1602.0 2510.0 1986.0 2341.0 721.0 1321.0 732.0 2481.0 1538.0 1738.0 1886.0 1764.0 354.0 2352.0 2096.0 
2490.0 1741.0 1107.0 1318.0 1062.0 2590.0 951.0 1707.0 1310.0 1124.0 1705.0 2004.0 1798.0 1619.0 1808.0 1177.0 1872.0 2358.0 1486.0 1435.0 
2322.0 1350.0 1146.0 2336.0 1508.0 1755.0 2159.0 1821.0 1343.0 2147.0 2082.0 1267.0 2566.0 1407.0 2288.0 1099.0 2429.0 2126.0 1718.0 2007.0 
1487.0 2132.0 3049.0 1313.0 1991.0 1674.0 1904.0 1250.0 2660.0 1434.0 1292.0 2073.0 1995.0 2478.0 2417.0 1105.0 1830.0 1530.0 1837.0 1392.0 
2099.0 2422.0 1553.0 1083.0 1967.0 2256.0 2209.0 1878.0 2403.0 1334.0 1270.0 1801.0 1457.0 2211.0 1894.0 1639.0 884.0 1370.0 1437.0 1400.0 
723.0 1729.0 1524.0 281.0 947.0 2046.0 1873.0 1893.0 1766.0 1571.0 1999.0 1058.0 2190.0 2080.0 877.0 1855.0 2161.0 1684.0 1530.0 2685.0 
682.0 1300.0 1326.0 1728.0 1623.0 1278.0 2531.0 2252.0 1435.0 1825.0 2367.0 1402.0 2345.0 597.0 2476.0 2616.0 2508.0 1931.0 2014.0 1337.0 
2274.0 1841.0 2260.0 2288.0 1145.0 1357.0 3225.0 1376.0 1355.0 1454.0 1846.0 2446.0 1867.0 1999.0 970.0 1599.0 1452.0 2718.0 2085.0 1389.0 
1581.0 1449.0 1912.0 1792.0 2865.0 1307.0 2574.0 849.0 2191.0 1082.0 1512.0 2490.0 2222.0 2684.0 1058.0 1607.0 2114.0 1494.0 2528.0 2436.0 
1379.0 1410.0 1922.0 1497.0 2323.0 2059.0 1316.0 2462.0 1600.0 1834.0 1112.0 2299.0 407.0 2194.0 1147.0 1497.0 1965.0 1725.0 596.0 1724.0 
1513.0 871.0 2002.0 1732.0 1481.0 1350.0 2115.0 1875.0 1821.0 1623.0 1040.0 2449.0 2518.0 2405.0 1920.0 1062.0 1241.0 2186.0 1814.0 1194.0 
